32 32 3
0.25262175838119427240
0.40847054561994533550
0.00000000000000000000
0.00000000000000000000
0.93715315588617387199
0.00000000000000000000
0.00000000000000000000
0.00000000000000000000
0.49445772613140648311
0.81217091987476264237
0.77380907897549167096
0.50208728644162747834
0.17765638566466801507
0.00000000000000000000
0.00000000000000000000
0.00000000000000000000
0.00000000000000000000
0.00000000000000000000
0.00000000000000000000
0.00000000000000000000
0.34741290255794909925
0.00000000000000000000
0.29319538422543334200
0.00000000000000000000
0.00000000000000000000
0.00000000000000000000
0.00000000000000000000
0.13348956738295481017
0.96893695274784086280
0.00000000000000000000
0.11142338770973658768
0.22155871019771256059
0.00000000000000000000
0.91600261252187320515
0.94351209604344887794
0.98118598758298247731
0.00000000000000000000
0.96231668068203912725
0.00000000000000000000
0.53136624094628093218
0.77448759962547919500
0.77589169972384897100
0.03345352645658583590
0.00000000000000000000
0.00000000000000000000
0.49236679053509924131
0.77267586056733317257
0.00000000000000000000
0.00000000000000000000
0.00000000000000000000
0.00000000000000000000
0.79944409141291128407
0.00000000000000000000
0.00000000000000000000
0.00000000000000000000
0.69889274132386436378
0.00000000000000000000
0.04957327947466327878
0.00000000000000000000
0.00000000000000000000
0.68513556648284912320
0.94380569548523318701
0.00000000000000000000
0.72916839817965795056
0.85980830800710639217
0.00000000000000000000
0.71035438483131785325
0.89671682189065804458
0.99769958760482246873
0.71243700464835257868
0.42808306190561640214
0.77218718723030166373
0.48832870344087897507
0.00000000000000000000
0.00000000000000000000
0.77858872887612728952
0.95390337796597890474
0.00000000000000000000
0.00000000000000000000
0.00000000000000000000
0.00000000000000000000
0.00000000000000000000
0.00000000000000000000
0.60921329055410500253
0.08304298347003902236
0.00000000000000000000
0.30810603094664679169
0.98441813419778734229
0.37178073607933748157
0.00000000000000000000
0.00000000000000000000
0.05691630163086403016
0.00000000000000000000
0.00000000000000000000
0.00000000000000000000
0.94410234128316039559
0.00000000000000000000
0.00000000000000000000
0.84081916317381866222
0.00000000000000000000
0.00000000000000000000
0.26890222414811248974
0.00000000000000000000
0.69720479086842601646
0.73043881251031472779
0.47620190003709961246
0.47579351881323073137
0.68434218954497127996
0.97320893126223650960
0.65689328296896687398
0.00000000000000000000
0.00000000000000000000
0.00000000000000000000
0.00000000000000000000
0.00000000000000000000
0.72540994813917669681
0.00000000000000000000
0.65943197145100307388
0.70982808140564146449
0.98964360355848612905
0.79992031017314646490
0.00000000000000000000
0.04655990425802758459
0.88421434344920069037
0.51115936390643912368
0.83264460313722699070
0.82831668473236108596
0.00000000000000000000
0.00000000000000000000
0.66913584697485717356
0.47282686153092745585
0.00000000000000000000
0.00000000000000000000
0.00000000000000000000
0.00000000000000000000
0.00000000000000000000
0.70089949001600015954
0.71095808023165818490
0.00000000000000000000
0.67410842034691409452
0.36785136226930248426
0.00000000000000000000
0.00000000000000000000
0.00000000000000000000
0.00000000000000000000
0.00000000000000000000
0.73562827414629428091
0.35661410510382340888
0.00000000000000000000
0.44545635462061339283
0.34625770773098696331
0.00000000000000000000
0.00000000000000000000
0.00000000000000000000
0.00000000000000000000
0.52117403388078042958
0.00000000000000000000
0.93943031688194267304
0.00000000000000000000
0.00000000000000000000
0.60856616292547727198
0.48714421386231854250
0.09250566973001950188
0.00000000000000000000
0.71184180290989651496
0.32767023207976953003
0.21508111488776338049
0.41274129199457409989
0.03862831138010514032
0.56790018620337368027
0.08684971234148819441
0.00000000000000000000
0.00000000000000000000
0.50307078170733099398
0.00000000000000000000
0.00000000000000000000
0.00000000000000000000
0.00000000000000000000
0.00000000000000000000
0.00000000000000000000
0.59778262749211052984
0.45261906155041375932
0.00000000000000000000
0.60779729746645183575
0.84543667260810573261
0.03560969374869471515
0.12897133041590969071
0.00000000000000000000
0.00000000000000000000
0.14328868274730099941
0.00000000000000000000
0.00000000000000000000
0.00000000000000000000
0.71795045291909498353
0.13021040574191622419
0.00000000000000000000
0.04562068406754216099
0.00000000000000000000
0.75501599058276780418
0.00000000000000000000
0.91319170683305328495
0.00000000000000000000
0.00000000000000000000
0.92418771885530448529
0.00000000000000000000
0.00000000000000000000
0.00000000000000000000
0.00000000000000000000
0.05975294162507771567
0.00000000000000000000
0.31315104631388135381
0.00000000000000000000
0.00000000000000000000
0.00000000000000000000
0.00000000000000000000
0.00000000000000000000
0.27325679979904404782
0.39430419513690484479
0.00000000000000000000
0.00000000000000000000
0.00000000000000000000
0.00000000000000000000
0.00000000000000000000
0.16802577356250303353
0.00000000000000000000
0.96211338786506717113
0.51030047215069673783
0.53826685880230118464
0.00000000000000000000
0.26531646273346454201
0.62251585424994848594
0.00000000000000000000
0.00000000000000000000
0.00000000000000000000
0.00000000000000000000
0.00000000000000000000
0.02067119116926163791
0.00000000000000000000
0.06767292277313430304
0.00000000000000000000
0.59901561941905678843
0.00000000000000000000
0.00000000000000000000
0.83193100142848264156
0.00000000000000000000
0.00329256476987738189
0.91028305511469165268
0.89172787493640925938
0.00000000000000000000
0.00000000000000000000
0.00000000000000000000
0.00000000000000000000
0.00000000000000000000
0.00000000000000000000
0.00000000000000000000
0.32687588936038114440
0.00000000000000000000
0.61351588257286504557
0.00000000000000000000
0.24144595919244271620
0.00000000000000000000
0.00000000000000000000
0.46204257265759762774
0.00000000000000000000
0.00000000000000000000
0.60682690311541165329
0.43813315659674501035
0.62157431413492858496
0.00000000000000000000
0.00000000000000000000
0.70199844599794514188
0.00000000000000000000
0.00000000000000000000
0.00000000000000000000
0.85649282199167320329
0.50510112173161525462
0.44325070988538239902
0.76677587617504228135
0.39682899573670193938
0.84084746886084205109
0.82630986991632249250
0.53685367924014748553
0.00000000000000000000
0.00000000000000000000
0.00000000000000000000
0.00000000000000000000
0.98741547297100318303
0.44282239649576249363
0.00000000000000000000
0.00000000000000000000
0.00000000000000000000
0.37160074309054791364
0.34021681982102647268
0.00000000000000000000
0.00000000000000000000
0.94111994278669364178
0.75313783052989191624
0.79574840785737532833
0.56269425599029943008
0.00000000000000000000
0.00000000000000000000
0.26469270105692221939
0.00000000000000000000
0.18818453289018233221
0.70465084617242723652
0.00000000000000000000
0.00000000000000000000
0.14790155512648706093
0.82651454854128636462
0.00000000000000000000
0.00000000000000000000
0.65282441752628628251
0.62696832773600164046
0.76478612970783665936
0.00000000000000000000
0.00000000000000000000
0.00000000000000000000
0.00000000000000000000
0.57857206723586296349
0.13680704270340826589
0.15333769244762951445
0.00000000000000000000
0.00000000000000000000
0.00000000000000000000
0.00000000000000000000
0.00000000000000000000
0.00000000000000000000
0.00000000000000000000
0.00000000000000000000
0.99736871104564928103
0.00000000000000000000
0.00000000000000000000
0.26206141117124892581
0.00000000000000000000
0.00000000000000000000
0.00000000000000000000
0.00000000000000000000
0.00000000000000000000
0.00000000000000000000
0.00000000000000000000
0.00000000000000000000
0.10336283552616976067
0.00000000000000000000
0.00000000000000000000
0.00000000000000000000
0.00000000000000000000
0.00000000000000000000
0.51218760922187356321
0.00000000000000000000
0.00000000000000000000
0.00000000000000000000
0.85077786252404452583
0.00000000000000000000
0.15740243678791565607
0.00000000000000000000
0.00000000000000000000
0.00000000000000000000
0.00000000000000000000
0.11048178053949109234
0.00000000000000000000
0.00000000000000000000
0.45145498935666639184
0.64852284716839103673
0.00000000000000000000
0.99567404947973514595
0.80003330940382233472
0.00514920661465700924
0.00000000000000000000
0.00000000000000000000
0.11976301908482001046
0.03010406020567946150
0.57974019161413425927
0.00000000000000000000
0.11340075689991979679
0.00000000000000000000
0.09127481891367339450
0.51006145379974565657
0.00000000000000000000
0.00000000000000000000
0.00000000000000000000
0.11544887866612940641
0.25245707912950643426
0.00000000000000000000
0.65449013172392267457
0.00000000000000000000
0.00000000000000000000
0.00000000000000000000
0.00000000000000000000
0.18161868824698901292
0.71316451379711010006
0.11848190572042116564
0.95799422727804373068
0.16461950222245391728
0.00000000000000000000
0.99643117654902457758
0.16029355170218906323
0.00000000000000000000
0.00158038316368136478
0.75992533273991447196
0.21186748669104060738
0.00000000000000000000
0.00000000000000000000
0.00000000000000000000
0.00000000000000000000
0.90343014891419093360
0.00000000000000000000
0.43574407391051961369
0.41349160178261423759
0.77247500874683039385
0.00000000000000000000
0.62099322472745233092
0.00000000000000000000
0.29166358024425043105
0.67927271019633517213
0.00000000000000000000
0.70152309616167252138
0.00000000000000000000
0.14509675146317890793
0.00000000000000000000
0.26350325684226261203
0.00000000000000000000
0.25328998977937278170
0.22149748318898376809
0.00000000000000000000
0.00000000000000000000
0.21792865880668577105
0.18317431825360941389
0.00000000000000000000
0.00000000000000000000
0.00000000000000000000
0.79920028885789218265
0.00000000000000000000
0.73312904207647267008
0.00000000000000000000
0.00000000000000000000
0.63655919099066360367
0.52403492644617100105
0.00000000000000000000
0.05005079184195526665
0.29650993426167859823
0.00000000000000000000
0.00000000000000000000
0.00000000000000000000
0.45193585355390597513
0.00000000000000000000
0.00000000000000000000
0.15345894878425592189
0.00000000000000000000
0.87194459134337698458
0.28826703377453011257
0.69570455127195662826
0.00000000000000000000
0.00000000000000000000
0.00000000000000000000
0.00000000000000000000
0.00000000000000000000
0.00000000000000000000
0.93626094047737362658
0.14918456652629408232
0.00000000000000000000
0.00000000000000000000
0.00000000000000000000
0.00000000000000000000
0.00000000000000000000
0.53919281975328581247
0.38081387401596367148
0.00000000000000000000
0.06322774526813423890
0.50187964621087521877
0.29909961358602132897
0.00000000000000000000
0.66215191858920818824
0.97014363015542914859
0.00000000000000000000
0.11408777121179158875
0.00000000000000000000
0.27101934015332695971
0.00000000000000000000
0.00000000000000000000
0.14296393056538136968
0.55581375377057762321
0.00000000000000000000
0.87316978623772500967
0.00000000000000000000
0.36556823335847266065
0.00000000000000000000
0.00000000000000000000
0.50069892476345367882
0.00000000000000000000
0.80840710634757173558
0.85533865813880161078
0.44187793668446961881
0.00000000000000000000
0.00000000000000000000
0.00000000000000000000
0.00000000000000000000
0.93164470788633679810
0.00000000000000000000
0.35921252395921032807
0.43352435316588922021
0.60251600183663711618
0.71895020348902338725
0.09567627175509763049
0.57265963106074346811
0.00000000000000000000
0.00000000000000000000
0.89311998611927023717
0.53414104298415643335
0.00000000000000000000
0.00000000000000000000
0.00000000000000000000
0.00000000000000000000
0.09414783450502328677
0.00000000000000000000
0.00000000000000000000
0.00000000000000000000
0.17653116638610666378
0.00000000000000000000
0.96041499262694962624
0.73904851439364649401
0.00000000000000000000
0.81575364983442866240
0.18092645014679353821
0.35491689730198916486
0.00000000000000000000
0.23529401758466561567
0.65090167692438782865
0.00000000000000000000
0.53871040676660397750
0.01011419995227558211
0.73175354382570523271
0.14122640767191829703
0.00000000000000000000
0.00000000000000000000
0.00000000000000000000
0.00000000000000000000
0.03719385761636950782
0.00000000000000000000
0.00000000000000000000
0.51450461964798366310
0.25278765952810067219
0.20343212094317753014
0.54762913545017566364
0.00000000000000000000
0.75370687979911776821
0.67812442671420258833
0.00000000000000000000
0.00000000000000000000
0.00000000000000000000
0.00000000000000000000
0.00000000000000000000
0.06596719430106090520
0.00000000000000000000
0.85021300979434188960
0.00000000000000000000
0.00000000000000000000
0.08550702644768493066
0.00000000000000000000
0.24763387592864871678
0.00000000000000000000
0.08189996754839090620
0.00000000000000000000
0.76544384088620720519
0.81096437098968987556
0.80681723440383423807
0.00000000000000000000
0.00000000000000000000
0.00000000000000000000
0.08633590260815626749
0.32947762372413547105
0.00000000000000000000
0.00000000000000000000
0.00000000000000000000
0.90614484525571792339
0.00000000000000000000
0.00000000000000000000
0.58426927103859793711
0.49271061620335587783
0.21685466785768725551
0.00000000000000000000
0.00000000000000000000
0.88614122750523560690
0.11807872220784365602
0.00000000000000000000
0.73635423636825492189
0.53896281381089372609
0.79200205476582152819
0.00000000000000000000
0.61074858140700905018
0.03963592976314767036
0.44607869509890618609
0.00000000000000000000
0.00000000000000000000
0.21152253505379081666
0.00000000000000000000
0.82584058299001328329
0.69085241374133743442
0.30676339441293998256
0.00000000000000000000
0.00000000000000000000
0.00000000000000000000
0.02836738295311458380
0.11631187755442784493
0.16915076094174330557
0.00000000000000000000
0.80237093279248616895
0.45576738354552870369
0.00000000000000000000
0.29508154806451947216
0.00000000000000000000
0.00000000000000000000
0.55485871599747738081
0.00000000000000000000
0.68897174936205685114
0.00000000000000000000
0.00000000000000000000
0.22793456224162800261
0.00000000000000000000
0.11697877529867861668
0.00000000000000000000
0.22909406909211260661
0.00000000000000000000
0.53133169260403678713
0.24811741767829165184
0.77458000452005304481
0.00000000000000000000
0.07395799973698236052
0.46543241733006790462
0.34170800509942145240
0.74380967288455446251
0.00000000000000000000
0.97794902323649690601
0.00000000000000000000
0.35893261030266643274
0.14709978324691763696
0.70668928404650155350
0.16130354216383002708
0.00000000000000000000
0.00000000000000000000
0.00000000000000000000
0.27548921819566252189
0.00000000000000000000
0.00000000000000000000
0.83425249617279151337
0.00000000000000000000
0.00000000000000000000
0.00000000000000000000
0.71327011925786276691
0.00000000000000000000
0.24634878395420911623
0.00000000000000000000
0.82725209827872547841
0.80940625435179391900
0.00000000000000000000
0.07536951502569455563
0.58398625794052438920
0.00000000000000000000
0.00000000000000000000
0.04941867527059207177
0.45993757036511673242
0.89313718764723137866
0.29203940801883088163
0.43788659267029106381
0.00000000000000000000
0.00000000000000000000
0.00000000000000000000
0.00000000000000000000
0.81227555955400476684
0.18785354177833224476
0.00000000000000000000
0.00000000000000000000
0.00000000000000000000
0.39383811661686651817
0.00000000000000000000
0.00000000000000000000
0.87917367363310128248
0.00000000000000000000
0.00000000000000000000
0.59244379195964147478
0.28676237039582908039
0.67331404782520332120
0.00000000000000000000
0.11401446774323220623
0.48272030124567466558
0.00000000000000000000
0.00000000000000000000
0.06670655825487648016
0.00000000000000000000
0.00000000000000000000
0.00000000000000000000
0.80584914321352218991
0.00000000000000000000
0.40816464061297685895
0.24373573495249067911
0.00000000000000000000
0.00000000000000000000
0.82872210993837658322
0.26916645340116995833
0.87141221662583401297
0.01657565171670905002
0.86664076143253621076
0.00000000000000000000
0.47991841075938124206
0.26047887711808037636
0.00000000000000000000
0.77751366597484494747
0.13965254981985908422
0.10858165803765018609
0.00000000000000000000
0.00000000000000000000
0.00000000000000000000
0.87779297580839732440
0.00000000000000000000
0.50935849524538889810
0.36051327612274941536
0.10417540329702923430
0.69874247708299308535
0.00000000000000000000
0.45008697614543469179
0.00000000000000000000
0.00000000000000000000
0.25593611842763430708
0.00000000000000000000
0.95150970851607130641
0.00000000000000000000
0.16646558473187766936
0.00000000000000000000
0.00000000000000000000
0.00000000000000000000
0.88205858221373456551
0.34496961317256547019
0.00000000000000000000
0.00000000000000000000
0.00000000000000000000
0.56275167482101906558
0.00000000000000000000
0.00000000000000000000
0.00000000000000000000
0.55069041976271693173
0.00000000000000000000
0.43450056548905591214
0.94603444726487362360
0.00000000000000000000
0.00000000000000000000
0.45539294157893994708
0.00000000000000000000
0.41516936263775883198
0.15413541773061045781
0.00000000000000000000
0.00000000000000000000
0.19158939141388486860
0.01575177023920781849
0.00000000000000000000
0.46089204934467198349
0.00000000000000000000
0.00000000000000000000
0.00000000000000000000
0.00000000000000000000
0.00000000000000000000
0.06298967127827448387
0.00000000000000000000
0.00000000000000000000
0.36526246991253574770
0.00000000000000000000
0.11911590635735347377
0.00000000000000000000
0.32420663131596838546
0.72151759533282255887
0.63041836844311016641
0.00000000000000000000
0.00000000000000000000
0.06491893300084350393
0.00000000000000000000
0.21307180505854628194
0.37591289234157310162
0.00000000000000000000
0.25825867301703375745
0.00000000000000000000
0.43045985485914162183
0.73066537628446948105
0.65633859283120310479
0.00000000000000000000
0.00000000000000000000
0.77753104911070836103
0.00000000000000000000
0.71367862341631149725
0.00000000000000000000
0.00000000000000000000
0.00000000000000000000
0.34765362616053474554
0.77328860097252238859
0.55155288965979254456
0.64188150951726430371
0.13855106995373556167
0.00000000000000000000
0.00000000000000000000
0.00000000000000000000
0.75785738963533999524
0.00000000000000000000
0.69698358126775539212
0.00000000000000000000
0.01091322256760363096
0.00000000000000000000
0.45368593533229351067
0.00000000000000000000
0.00000000000000000000
0.73001037246082467469
0.48224369971186087369
0.00000000000000000000
0.16047022638864349986
0.21290907506500800217
0.00000000000000000000
0.78251947266166999029
0.95932622065736272710
0.00000000000000000000
0.86546076827936846421
0.67300484314235142769
0.00000000000000000000
0.00000000000000000000
0.00000000000000000000
0.00000000000000000000
0.00000000000000000000
0.91614419776766764514
0.75069779239161760209
0.48759936610590637329
0.00000000000000000000
0.00000000000000000000
0.55416457986187395157
0.00000000000000000000
0.00000000000000000000
0.25114816019830676908
0.00000000000000000000
0.00000000000000000000
0.00000000000000000000
0.00000000000000000000
0.00000000000000000000
0.00000000000000000000
0.92410308957290987486
0.71135216565400005706
0.07976373987261387022
0.08457331503023080010
0.00000000000000000000
0.66499999243067575705
0.00000000000000000000
0.00000000000000000000
0.00000000000000000000
0.00000000000000000000
0.00000000000000000000
0.00000000000000000000
0.30831325115091789968
0.00000000000000000000
0.00000000000000000000
0.65736154823441128592
0.00000000000000000000
0.00000000000000000000
0.14496091340899508459
0.18712276368733626875
0.16013923341414848522
0.00000000000000000000
0.29477510754707036966
0.00000000000000000000
0.95027365346917580524
0.00000000000000000000
0.00000000000000000000
0.96332432700475889575
0.00000000000000000000
0.00000000000000000000
0.00000000000000000000
0.00000000000000000000
0.00000000000000000000
0.19395414516048226083
0.23795101011076513764
0.02419476072499282537
0.00000000000000000000
0.00000000000000000000
0.90778222210136338965
0.00000000000000000000
0.00000000000000000000
0.00000000000000000000
0.67565138064122365336
0.00000000000000000000
0.38555813645271497236
0.00000000000000000000
0.80327215129661944104
0.00000000000000000000
0.22184164040807718976
0.00000000000000000000
0.41000870774034825494
0.00000000000000000000
0.64735855704516098719
0.00000000000000000000
0.00000000000000000000
0.59763220958301443986
0.00000000000000000000
0.00000000000000000000
0.56095653565645053895
0.00000000000000000000
0.08438456760923584987
0.67514694094431915161
0.12261800520243970603
0.18431808761522083806
0.00000000000000000000
0.00000000000000000000
0.00000000000000000000
0.72805522183331428110
0.00000000000000000000
0.00000000000000000000
0.00000000000000000000
0.30321016409583867457
0.00000000000000000000
0.00000000000000000000
0.44912076715804682969
0.96622773072040990527
0.00000000000000000000
0.25239291752334347407
0.00000000000000000000
0.00000000000000000000
0.00000000000000000000
0.59912238158244757180
0.00000000000000000000
0.84798453834279641228
0.00000000000000000000
0.00397848105243325811
0.44561674699448827752
0.04387189869017893429
0.69978169337836182429
0.00657328171961624186
0.00000000000000000000
0.00000000000000000000
0.00000000000000000000
0.13573021308320121214
0.96848434860281851222
0.55082130690609165669
0.49629922746508348119
0.00000000000000000000
0.27887652780808336317
0.96191203964963190032
0.00000000000000000000
0.89365317946935696192
0.26512220374547057489
0.00000000000000000000
0.00000000000000000000
0.00000000000000000000
0.00000000000000000000
0.04790685654054716025
0.96663588842686065661
0.02930326342084588198
0.13357414264864009290
0.00000000000000000000
0.00000000000000000000
0.60122230071631377335
0.00000000000000000000
0.00000000000000000000
0.00000000000000000000
0.46086315319913584432
0.97620373776937086063
0.00000000000000000000
0.00000000000000000000
0.98931594565013236675
0.08914873520338373325
0.14915665572004233042
0.12504615780201100428
0.05763308287487967085
0.00000000000000000000
0.00000000000000000000
0.23463027888658927189
0.97885448950289499770
0.00000000000000000000
0.52792254440855357345
0.87250766897225173757
0.84837962773087416402
0.00000000000000000000
0.00000000000000000000
0.00000000000000000000
0.24207399284563679842
0.10449573542200751852
0.00000000000000000000
0.00000000000000000000
0.00000000000000000000
0.00000000000000000000
0.00000000000000000000
0.83929217878696138477
0.00000000000000000000
0.83213473848632291130
0.00000000000000000000
0.00000000000000000000
0.80833847532437119732
0.00000000000000000000
0.00000000000000000000
0.79765442004318098945
0.83862416904355585601
0.78922300124039090896
0.00000000000000000000
0.00000000000000000000
0.00000000000000000000
0.54404596124964110793
0.00000000000000000000
0.00000000000000000000
0.00000000000000000000
0.65881007335093344501
0.00000000000000000000
0.97568301203459650850
0.00000000000000000000
0.00000000000000000000
0.00000000000000000000
0.30276846853213768007
0.50164773385117200633
0.06756409307362698513
0.57414572386729800790
0.73971761192181961775
0.76408444706540756819
0.00000000000000000000
0.57900978977745864995
0.00000000000000000000
0.00000000000000000000
0.00000000000000000000
0.00000000000000000000
0.00000000000000000000
0.00000000000000000000
0.28854746338378056691
0.91207625433433636708
0.00000000000000000000
0.07777046462417125383
0.00000000000000000000
0.50785960234136307001
0.56697142662805100066
0.00000000000000000000
0.63874713221506551619
0.00000000000000000000
0.00000000000000000000
0.29755720463467638659
0.00000000000000000000
0.00000000000000000000
0.35825168125249984286
0.00000000000000000000
0.02011479671118543422
0.00000000000000000000
0.00000000000000000000
0.00000000000000000000
0.00000000000000000000
0.00000000000000000000
0.85176333591889741292
0.00000000000000000000
0.59311712979949882119
0.00000000000000000000
0.01519785589314892604
0.61661987827002073814
0.00000000000000000000
0.12961969018430430367
0.00000000000000000000
0.00000000000000000000
0.04169594451864067075
0.00120041100364187692
0.34241358625814943828
0.87647277483552366029
0.00000000000000000000
0.00000000000000000000
0.00000000000000000000
0.00000000000000000000
0.00000000000000000000
0.00000000000000000000
0.44536434926342427509
0.32000188777223326220
0.24323093017713670605
0.00000000000000000000
0.00000000000000000000
0.00000000000000000000
0.46463617936923928831
0.00000000000000000000
0.00000000000000000000
0.69980205208985224452
0.00000000000000000000
0.00000000000000000000
0.00000000000000000000
0.97435808087436392988
0.00000000000000000000
0.42411440211539819245
0.59097795821306209341
0.50649815122899521924
0.00000000000000000000
0.98057601879377664922
0.77114127286297318165
0.59543003681834316687
0.00000000000000000000
0.11355485912112284197
0.47190281072254425254
0.49083644221110112049
0.00000000000000000000
0.72719837712459201029
0.63864358683984900900
0.00000000000000000000
0.00000000000000000000
0.08400793610327306205
0.00000000000000000000
0.73185104864270011937
0.88762396568787460538
0.00000000000000000000
0.99519677459969968503
0.35226014412579131907
0.00000000000000000000
0.00000000000000000000
0.05206219528432098897
0.12847209401823223018
0.00000000000000000000
0.46097874243789283000
0.10283017396127358545
0.07941183125572837120
0.00000000000000000000
0.00000000000000000000
0.00000000000000000000
0.43882723592167116600
0.00000000000000000000
0.00000000000000000000
0.03425727180869198030
0.65616057890288548293
0.47060611353749703945
0.00000000000000000000
0.14699702111398660342
0.49354598461349774574
0.00000000000000000000
0.00000000000000000000
0.00000000000000000000
0.00000000000000000000
0.86964854312578609985
0.00000000000000000000
0.00000000000000000000
0.75727250881366092727
0.12834892474503667437
0.00000000000000000000
0.10953265200812967173
0.87558006675708099920
0.00000000000000000000
0.00000000000000000000
0.00405215984399065476
0.34425712718826595449
0.62257358973034349070
0.00000000000000000000
0.00000000000000000000
0.00000000000000000000
0.00000000000000000000
0.00957893999739489743
0.94649396927398354862
0.47507461601638922843
0.36663019441376909491
0.00000000000000000000
0.13123519398795213675
0.00000000000000000000
0.48691132268258896509
0.00000000000000000000
0.00000000000000000000
0.72026978140709441156
0.06387282212445177798
0.00000000000000000000
0.00000000000000000000
0.00000000000000000000
0.53993142933581550480
0.00000000000000000000
0.00000000000000000000
0.00000000000000000000
0.34510438113711039421
0.80032652514070568017
0.00000000000000000000
0.00000000000000000000
0.96192137243315634088
0.54791257975060148055
0.48460929537406616241
0.58449496123217747900
0.65479491355586549872
0.90827825288673791349
0.00000000000000000000
0.00000000000000000000
0.00000000000000000000
0.00000000000000000000
0.93055999462053184956
0.00000000000000000000
0.01940690214718077122
0.06179518860848398631
0.12172369245520031633
0.00000000000000000000
0.34002740277910015188
0.45250598315731904719
0.00000000000000000000
0.00000000000000000000
0.00000000000000000000
0.00000000000000000000
0.33742158922246723307
0.78411744804313276980
0.56491434646999194591
0.00000000000000000000
0.00000000000000000000
0.00000000000000000000
0.82854198563310399450
0.00000000000000000000
0.05037089486158019547
0.79046335713493798281
0.00000000000000000000
0.00000000000000000000
0.37495831743579288720
0.00000000000000000000
0.00000000000000000000
0.46712001108895995216
0.00000000000000000000
0.36111563414387193305
0.50577567215346519447
0.00000000000000000000
0.64560302051045148630
0.00000000000000000000
0.64680627530757628385
0.00000000000000000000
0.03150079819909334944
0.00000000000000000000
0.00000000000000000000
0.25808880350463492270
0.39073390205890579097
0.00000000000000000000
0.92692516647601741475
0.00000000000000000000
0.00000000000000000000
0.49183951201468678605
0.00000000000000000000
0.00000000000000000000
0.00000000000000000000
0.00000000000000000000
0.69679218330271175397
0.45222913355204696906
0.00000000000000000000
0.00000000000000000000
0.98720932378769354898
0.75033461104628385030
0.00000000000000000000
0.00000000000000000000
0.21745462120392100580
0.09437978877424257895
0.79158339919130482620
0.00000000000000000000
0.67939087547333487649
0.43718641877043351585
0.24841286672671003544
0.32619714984958858572
0.00000000000000000000
0.00000000000000000000
0.00000000000000000000
0.00000000000000000000
0.53800246749911573296
0.70376472906384845984
0.00000000000000000000
0.46492763304381057310
0.00000000000000000000
0.13650070090615229468
0.00000000000000000000
0.18829116932502532045
0.83703466404091320108
0.35862538374896413274
0.77320410580057852279
0.53382684641230238043
0.00000000000000000000
0.00000000000000000000
0.77478982963356646252
0.00000000000000000000
0.89891500952603053953
0.00000000000000000000
0.22853160427349239470
0.11636962979862919276
0.30909831510349095041
0.02011500346479699886
0.83959992222469304046
0.00000000000000000000
0.00000000000000000000
0.08801278802008027924
0.00000000000000000000
0.00000000000000000000
0.36792645201456108950
0.00000000000000000000
0.08616037810508170303
0.00000000000000000000
0.00000000000000000000
0.97452491800045826231
0.00000000000000000000
0.00000000000000000000
0.11102561890661055699
0.32762369668466218009
0.95169328244016182516
0.00000000000000000000
0.00000000000000000000
0.72489738824074034795
0.00000000000000000000
0.49710359587199226539
0.87347778672048725923
0.00000000000000000000
0.00000000000000000000
0.77239279531519522415
0.00000000000000000000
0.52369903937154393958
0.00000000000000000000
0.78049379763216419903
0.00000000000000000000
0.00000000000000000000
0.00000000000000000000
0.00111546414024910057
0.81637513442727516200
0.08366932677275928931
0.66293001624892000656
0.18430158551051345484
0.71138649327279379619
0.00000000000000000000
0.00000000000000000000
0.00000000000000000000
0.00000000000000000000
0.00000000000000000000
0.00000000000000000000
0.83464093032974795427
0.78871075240369448167
0.00000000000000000000
0.00000000000000000000
0.00000000000000000000
0.00000000000000000000
0.26458833984312990495
0.97206342684666791065
0.00000000000000000000
0.52126529697387735673
0.00000000000000000000
0.00000000000000000000
0.99266077950255060536
0.79092990131626361716
0.01749417326296409669
0.77315457713471480439
0.00000000000000000000
0.74585651967015875741
0.00000000000000000000
0.33585940643020872898
0.56223165316611134479
0.62580689025381897039
0.00000000000000000000
0.00000000000000000000
0.33719338259529019197
0.74787981703313066717
0.00000000000000000000
0.38006176956932136157
0.00000000000000000000
0.29785079755720245132
0.00000000000000000000
0.00000000000000000000
0.08656154902957458042
0.00000000000000000000
0.08883726926931978518
0.56152138000425022568
0.42715722016392154714
0.00000000000000000000
0.53358480685091791429
0.78349617486051115200
0.87469090515500447225
0.80081566786431501725
0.91222792487229598102
0.86735168465755485556
0.59174556824925605980
0.00000000000000000000
0.64050626086094708533
0.92648951147053826283
0.00000000000000000000
0.00000000000000000000
0.26234891696942463923
0.00000000000000000000
0.80845071366450316219
0.00000000000000000000
0.00000000000000000000
0.14564409532847077955
0.00000000000000000000
0.82110724869235762746
0.00000000000000000000
0.00000000000000000000
0.11895804624956007878
0.00000000000000000000
0.00000000000000000000
0.00000000000000000000
0.65633418301881030210
0.87548661039931996442
0.76704097528338488488
0.08349140225140905258
0.00000000000000000000
0.30062578120298022455
0.00000000000000000000
0.00000000000000000000
0.10144144813597266719
0.00000000000000000000
0.97095480746168405517
0.00000000000000000000
0.70893759825683089204
0.61146106739130856589
0.00000000000000000000
0.00000000000000000000
0.79410489080199275769
0.88202544389386905443
0.00000000000000000000
0.60255560353517334526
0.00000000000000000000
0.60666998923135451172
0.00000000000000000000
0.00000000000000000000
0.42777723792371213918
0.27390556189879111670
0.00000000000000000000
0.00000000000000000000
0.98594369459242736653
0.41934456183544566166
0.00000000000000000000
0.64227787761123744659
0.29483117223476584812
0.00000000000000000000
0.00000000000000000000
0.52374339081521292805
0.81992163314480404068
0.59275685604324412914
0.62734651361934212765
0.00000000000000000000
0.00000000000000000000
0.59830132108102618282
0.61455009766600565690
0.00000000000000000000
0.20976238754101217410
0.00000000000000000000
0.00000000000000000000
0.00386727834300470974
0.00000000000000000000
0.08775265099841766947
0.00000000000000000000
0.00000000000000000000
0.00000000000000000000
0.35462257981049938316
0.00000000000000000000
0.00000000000000000000
0.00000000000000000000
0.04429300829968085829
0.00000000000000000000
0.00000000000000000000
0.00000000000000000000
0.42119003805387311701
0.00000000000000000000
0.75846874236989236806
0.94048589092701950776
0.00000000000000000000
0.28221213225378294354
0.76040752314050097382
0.00000000000000000000
0.00000000000000000000
0.00000000000000000000
0.00000000000000000000
0.00000000000000000000
0.00000000000000000000
0.02815815761133944051
0.71762235356384063145
0.00000000000000000000
0.49358432623258985394
0.00000000000000000000
0.00000000000000000000
0.00000000000000000000
0.32791251192237824696
0.00000000000000000000
0.27575961746077970460
0.00000000000000000000
0.31781302826377233472
0.39795949468294145035
0.31106323251084577741
0.00000000000000000000
0.00000000000000000000
0.92553506788124106919
0.00000000000000000000
0.48808469226960315979
0.00000000000000000000
0.00000000000000000000
0.42857058226530009293
0.16480376998186296866
0.86642448039093267198
0.18897810540580106675
0.74007961700674118610
0.00000000000000000000
0.87074870889575617383
0.00000000000000000000
0.28384309042424105129
0.00000000000000000000
0.71548597780777423161
0.00146544305675910813
0.00000000000000000000
0.20907030404036408555
0.72295507403228209675
0.34441612444092339906
0.79040728127137160897
0.05086758502333776910
0.00000000000000000000
0.06616689780082873895
0.73340267675621562127
0.56844439337423269265
0.00000000000000000000
0.04446590833573882406
0.93055042993768610771
0.00000000000000000000
0.00000000000000000000
0.00000000000000000000
0.00000000000000000000
0.15228575428588575491
0.34050638384209319653
0.44767632030308068813
0.00000000000000000000
0.20693086330170307185
0.00000000000000000000
0.00000000000000000000
0.98291398863443824041
0.00000000000000000000
0.00000000000000000000
0.26675707812735671709
0.00000000000000000000
0.00000000000000000000
0.00000000000000000000
0.37208927579787065554
0.66905324145641786870
0.99117759428507534736
0.00000000000000000000
0.45946052179646712510
0.04204517837709054184
0.00000000000000000000
0.00000000000000000000
0.00000000000000000000
0.00000000000000000000
0.00000000000000000000
0.81991376253772241256
0.00000000000000000000
0.52077485598659833954
0.00000000000000000000
0.22242562343479388431
0.53988059402437915679
0.94220049117794291149
0.00000000000000000000
0.00000000000000000000
0.00000000000000000000
0.76986287057859015270
0.62421133817369645058
0.00000000000000000000
0.75277685828170581850
0.00000000000000000000
0.06095611539713852167
0.01953393547774018302
0.00000000000000000000
0.52093905281319230482
0.28775645573053343362
0.00000000000000000000
0.18999229426961039557
0.27893404908428620637
0.00000000000000000000
0.00000000000000000000
0.00000000000000000000
0.86181845230135056823
0.17508023473205058806
0.09642708166336033671
0.00000000000000000000
0.00000000000000000000
0.00000000000000000000
0.00000000000000000000
0.68560890093706960968
0.70625558109313968380
0.00000000000000000000
0.22548949403012619186
0.64845607133976002068
0.00000000000000000000
0.00000000000000000000
0.90774608585412908113
0.00000000000000000000
0.83725774466863733814
0.00000000000000000000
0.00000000000000000000
0.96887221465300399359
0.28516135517748142369
0.19106248821647020542
0.00000000000000000000
0.00000000000000000000
0.00000000000000000000
0.00000000000000000000
0.99609270226028412409
0.75775299209996727079
0.84781720202780208595
0.00000000000000000000
0.00000000000000000000
0.70963565339783007957
0.82062575119576686156
0.17515929936205942852
0.00000000000000000000
0.98545979614623813170
0.00000000000000000000
0.00000000000000000000
0.67106869615198516676
0.79775572372495928697
0.05652327698493531116
0.00000000000000000000
0.44621179413339673303
0.70541210272601428954
0.10960459574572944952
0.35395787998752559211
0.00000000000000000000
0.00000000000000000000
0.57816311976786849414
0.00000000000000000000
0.00000000000000000000
0.00000000000000000000
0.48675483813823894330
0.69069378063580666449
0.66942488293602364635
0.96557378115392000772
0.00000000000000000000
0.66551758426498519583
0.72332677232256470390
0.00000000000000000000
0.00000000000000000000
0.80205899002126379571
0.00000000000000000000
0.00000000000000000000
0.00000000000000000000
0.00000000000000000000
0.00000000000000000000
0.06871843201514260535
0.27888386756129746047
0.78821734236004648011
0.00000000000000000000
0.00000000000000000000
0.00000000000000000000
0.00000000000000000000
0.00000000000000000000
0.79438012642524213902
0.66664382799837906823
0.00000000000000000000
0.00000000000000000000
0.24480694776624756237
0.00000000000000000000
0.65697701818168963150
0.00000000000000000000
0.94743023065264808658
0.34767079788617372138
0.77755630471629855194
0.91300401087524551968
0.99150009266636329741
0.44307388804996095111
0.63633078226648764897
0.00000000000000000000
0.75413698784733984581
0.43838977135642887006
0.00000000000000000000
0.88582583884048538003
0.00000000000000000000
0.00000000000000000000
0.00000000000000000000
0.48432649182357190298
0.00000000000000000000
0.79119182647727059887
0.00000000000000000000
0.00000000000000000000
0.00000000000000000000
0.00000000000000000000
0.00000000000000000000
0.00000000000000000000
0.00000000000000000000
0.00000000000000000000
0.01158994669634383357
0.57493736947650897484
0.27351483482565486227
0.00000000000000000000
0.68306879125678388043
0.22094506454698037423
0.00000000000000000000
0.46062509504175985775
0.13394907449090354135
0.00000000000000000000
0.00000000000000000000
0.00000000000000000000
0.00000000000000000000
0.00000000000000000000
0.00000000000000000000
0.17531317620319919470
0.00000000000000000000
0.00000000000000000000
0.00000000000000000000
0.00000000000000000000
0.00000000000000000000
0.00000000000000000000
0.00000000000000000000
0.00000000000000000000
0.04672648527041389777
0.00000000000000000000
0.12289141915873225130
0.69458288592034156395
0.08414295738755872556
0.45302184180031623839
0.00000000000000000000
0.00000000000000000000
0.02795921034550263862
0.78093716305724214521
0.00000000000000000000
0.00000000000000000000
0.00188222667289994483
0.00000000000000000000
0.00000000000000000000
0.00000000000000000000
0.00000000000000000000
0.07535207880444461104
0.00000000000000000000
0.27915992647370324597
0.73318804881218269109
0.11478078417236958764
0.00000000000000000000
0.00000000000000000000
0.73905847209461894565
0.00000000000000000000
0.00000000000000000000
0.84766265090911763203
0.06222175204298530105
0.16131426820592698057
0.00000000000000000000
0.00000000000000000000
0.97510974387410542796
0.42995889458337743783
0.80353112323374076276
0.05925270033034157890
0.00000000000000000000
0.00000000000000000000
0.15498560441424391598
0.91093994579787374022
0.00000000000000000000
0.91928547337617971813
0.00000000000000000000
0.09377283933282498651
0.00000000000000000000
0.00000000000000000000
0.22960414049662847269
0.48809858946506801125
0.86897312191732845044
0.00000000000000000000
0.00000000000000000000
0.60216116979818856692
0.25049608165886994016
0.22173161675302854867
0.87901102559594956887
0.00000000000000000000
0.84426403783460335362
0.00000000000000000000
0.00000000000000000000
0.00000000000000000000
0.86381144256508513024
0.14428467729328420255
0.01543402719098807552
0.83892118550786798359
0.00000000000000000000
0.00000000000000000000
0.00000000000000000000
0.45722430639771016736
0.12991859909608893808
0.00000000000000000000
0.36816425219558368553
0.22180921175601397977
0.97244496269731084404
0.99013219866442137018
0.00000000000000000000
0.00000000000000000000
0.00000000000000000000
0.54518619065414464231
0.00000000000000000000
0.00000000000000000000
0.68090148720932264226
0.00000000000000000000
0.00000000000000000000
0.00000000000000000000
0.00000000000000000000
0.00000000000000000000
0.92095212075903654103
0.99362082406581420102
0.00000000000000000000
0.00000000000000000000
0.00000000000000000000
0.00000000000000000000
0.90245400085228211218
0.91554064020306835658
0.00000000000000000000
0.00000000000000000000
0.00000000000000000000
0.43730224177115695205
0.93392187819533134530
0.86442438786124076167
0.49046173109228807796
0.30208612945959267826
0.08623359868593216682
0.46290669378959892200
0.29221832719269125178
0.40181564884344833644
0.00000000000000000000
0.00000000000000000000
0.00000000000000000000
0.00000000000000000000
0.00000000000000000000
0.00000000000000000000
0.22316658367550301634
0.00000000000000000000
0.55930089371246327623
0.37252336990671386374
0.11748401779564288105
0.48025301447149981726
0.36614419304120549015
0.95387974844960488063
0.00000000000000000000
0.00000000000000000000
0.00000000000000000000
0.00000000000000000000
0.00000000000000000000
0.19321527667027682540
0.00000000000000000000
0.00000000000000000000
0.00000000000000000000
0.00000000000000000000
0.00000000000000000000
0.00000000000000000000
0.85358191461003474210
0.86695521970603395268
0.58388594239199820279
0.14580024087140341926
0.26877086761815971450
0.71906070118726272966
0.22177180891007730601
0.00000000000000000000
0.00000000000000000000
0.95046973971206227816
0.00000000000000000000
0.23776869906008646360
0.00000000000000000000
0.00000000000000000000
0.00000000000000000000
0.00000000000000000000
0.88322993921266390593
0.97643626107668324288
0.00000000000000000000
0.00000000000000000000
0.00000000000000000000
0.00000000000000000000
0.00000000000000000000
0.00000000000000000000
0.85272116114046481172
0.00000000000000000000
0.34077574281989408966
0.00000000000000000000
0.43159830450620417786
0.00000000000000000000
0.00000000000000000000
0.28518021818491634534
0.98845258168338445692
0.00000000000000000000
0.00000000000000000000
0.25722344930154439346
0.90716456990091343116
0.65275226796639729265
0.47299615548597473413
0.92176668435417430381
0.60322200674713677415
0.00000000000000000000
0.15953538248293819279
0.00000000000000000000
0.00000000000000000000
0.76982745051841594552
0.00000000000000000000
0.00000000000000000000
0.74626371066377661379
0.00000000000000000000
0.00000000000000000000
0.98895077593110070069
0.25374127237766108678
0.00000000000000000000
0.00000000000000000000
0.10646243258680332389
0.86716245760543375631
0.75420502748070528121
0.58970111123737933845
0.29876076118031558160
0.87570239038937836007
0.00000000000000000000
0.00000000000000000000
0.86415497114144024238
0.00000000000000000000
0.01492143842155191358
0.12137841951166206123
0.00000000000000000000
0.00000000000000000000
0.00000000000000000000
0.00000000000000000000
0.00000000000000000000
0.00000000000000000000
0.37048954114806353921
0.00000000000000000000
0.63069587276815242127
0.14031699073515691012
0.39698934247577066792
0.00000000000000000000
0.00000000000000000000
0.99122473038324376837
0.00000000000000000000
0.00000000000000000000
0.24496600276090485515
0.94516618547270359052
0.28896076199084563818
0.00000000000000000000
0.81232864214681499426
0.04316578854022812273
0.94112954565376494287
0.11108940332713035382
0.00000000000000000000
0.00000000000000000000
0.69503038269236228075
0.00000000000000000000
0.00000000000000000000
0.00000000000000000000
0.90440156865138643383
0.00000000000000000000
0.37762552563921802928
0.00000000000000000000
0.01721311966758842793
0.64852123784298143505
0.40982290329869042189
0.00000000000000000000
0.00000000000000000000
0.04051877513552026855
0.52801965155080865522
0.85368349861990822092
0.27409369744085410048
0.00000000000000000000
0.84490822807182941467
0.00000000000000000000
0.29013182841713169857
0.08987422990141169521
0.00000000000000000000
0.00000000000000000000
0.44130266524911987425
0.98969477228340441144
0.62225837894820523744
0.38243220997156202046
0.10078417467921241268
0.00000000000000000000
0.51748079225303644790
0.00000000000000000000
0.32414970515489094360
0.00000000000000000000
0.50576637662284373853
0.22855127380627737743
0.00000000000000000000
0.00000000000000000000
0.72732741652397780996
0.85802436147724492344
0.00000000000000000000
0.13715031889134565724
0.00000000000000000000
0.00000000000000000000
0.00000000000000000000
0.77374667198106017452
0.00000000000000000000
0.45176279146772002626
0.00000000000000000000
0.00000000000000000000
0.68396273706292864958
0.47847885241661169964
0.77707325097968493743
0.86132886719951828880
0.00000000000000000000
0.21837591529748201502
0.85102363855160012562
0.67982981991014890255
0.00000000000000000000
0.00000000000000000000
0.00000000000000000000
0.00000000000000000000
0.74762236967106465713
0.54510608108020663920
0.00000000000000000000
0.25338874629390839566
0.00000000000000000000
0.00000000000000000000
0.00000000000000000000
0.00000000000000000000
0.00000000000000000000
0.00000000000000000000
0.63813508937048490921
0.09740381925245933381
0.65730108304754875093
0.81580418339735083499
0.00000000000000000000
0.00000000000000000000
0.26756697393374850868
0.05949751430167693478
0.18679089620094324609
0.00000000000000000000
0.00000000000000000000
0.00000000000000000000
0.00000000000000000000
0.00000000000000000000
0.00000000000000000000
0.00000000000000000000
0.00000000000000000000
0.00000000000000000000
0.61569002811596273972
0.00000000000000000000
0.00000000000000000000
0.36331239685570460018
0.00000000000000000000
0.05417830080454155706
0.00000000000000000000
0.00000000000000000000
0.00000000000000000000
0.00000000000000000000
0.31608220716755930368
0.00000000000000000000
0.42217557757262857976
0.00000000000000000000
0.99691135529284902184
0.07947665968885497811
0.00000000000000000000
0.00000000000000000000
0.57906853481152498198
0.00000000000000000000
0.92755935896540031571
0.00000000000000000000
0.00000000000000000000
0.00000000000000000000
0.72972357819309618954
0.80197673933672564139
0.06108353150127610043
0.91196363973988381346
0.00000000000000000000
0.33646115816033494994
0.00000000000000000000
0.00000000000000000000
0.83279516074470949505
0.59634893089362828178
0.44486137733089803348
0.87423524347796810474
0.00000000000000000000
0.00000000000000000000
0.00000000000000000000
0.00000000000000000000
0.00000000000000000000
0.00000000000000000000
0.59786550402541904781
0.00000000000000000000
0.00000000000000000000
0.59477685838694527298
0.31669654572228744804
0.72965366194474223782
0.00000000000000000000
0.00000000000000000000
0.76724211395124064516
0.00000000000000000000
0.66162451154628043604
0.00000000000000000000
0.00000000000000000000
0.39134808880805405096
0.00000000000000000000
0.91701731733838909300
0.30331172761661551185
0.02419596678772761855
0.25347847456740146832
0.99832355417233120676
0.10574494726292082980
0.08627363438078838875
0.59467248413463713597
0.00000000000000000000
0.00000000000000000000
0.00000000000000000000
0.00000000000000000000
0.64984155802514487199
0.00000000000000000000
0.42721315353513378277
0.65525644535909233213
0.00000000000000000000
0.66443304049988882731
0.00000000000000000000
0.00000000000000000000
0.00000000000000000000
0.00000000000000000000
0.00000000000000000000
0.87689466582466590872
0.00000000000000000000
0.00000000000000000000
0.53851917643962399218
0.00000000000000000000
0.84537059434008354764
0.00000000000000000000
0.42648169092204502029
0.76238791074714984397
0.00000000000000000000
0.00000000000000000000
0.01586638438322873768
0.00000000000000000000
0.55642260497269346864
0.00000000000000000000
0.82617503023993932310
0.00000000000000000000
0.06264889569145104531
0.00000000000000000000
0.00000000000000000000
0.00000000000000000000
0.01493242616529233402
0.00000000000000000000
0.00000000000000000000
0.55635561307722491975
0.81084396681321968536
0.00000000000000000000
0.69255565744478042589
0.00000000000000000000
0.32717781389466393804
0.00000000000000000000
0.00000000000000000000
0.43896221529644074977
0.28103121243465278845
0.00000000000000000000
0.00000000000000000000
0.12640180677473633608
0.13725465775339618091
0.73358858364335666202
0.00000000000000000000
0.37043364968636716128
0.00000000000000000000
0.90465610190511491773
0.60193619486034677379
0.74068884539449997284
0.00000000000000000000
0.42811122416896330023
0.84771777496101230476
0.06944501449793816228
0.49948596837906444890
0.00000000000000000000
0.78193546728321150496
0.00000000000000000000
0.00000000000000000000
0.00000000000000000000
0.00000000000000000000
0.00000000000000000000
0.13231788907773700537
0.76332966320371697933
0.31614399110718816033
0.00000000000000000000
0.00000000000000000000
0.98501220810460488053
0.89845791733751911856
0.33595527957005200115
0.00000000000000000000
0.00000000000000000000
0.00000000000000000000
0.32965425743239662459
0.93915339277086462566
0.35114680200402936805
0.00000000000000000000
0.00000000000000000000
0.25580290297782193321
0.00000000000000000000
0.86410847765584875013
0.26259902271563140275
0.73013532521675128528
0.71182625168553848027
0.00000000000000000000
0.22962129266449315956
0.00000000000000000000
0.00000000000000000000
0.74403968720884972043
0.00000000000000000000
0.00000000000000000000
0.81481369296778627387
0.51623871154908029801
0.39597975620812730924
0.57814335617150325319
0.00000000000000000000
0.85547545824920545599
0.63306742237558011333
0.00000000000000000000
0.75393337558672457455
0.00000000000000000000
0.00979450857722885537
0.95949818471423276023
0.43137978642777530247
0.00000000000000000000
0.89865157655377481127
0.00000000000000000000
0.03953667219706646918
0.00000000000000000000
0.00000000000000000000
0.34156077324485445423
0.88617968553964954204
0.30092851319393543186
0.07169609846160573952
0.59800593722518802231
0.63297255040750499688
0.00000000000000000000
0.87674773571861330801
0.74695205397296327021
0.00000000000000000000
0.00000000000000000000
0.00000000000000000000
0.86017077037141231877
0.00000000000000000000
0.40659367731148088332
0.43831412561159299734
0.21743741874463728969
0.26206913462936376469
0.07138154705585053605
0.00000000000000000000
0.01600250928476576462
0.00000000000000000000
0.04462683622009433471
0.00000000000000000000
0.47178403449793537838
0.38407560222971981467
0.00000000000000000000
0.00000000000000000000
0.00000000000000000000
0.00000000000000000000
0.00000000000000000000
0.76517304767164073809
0.00000000000000000000
0.59356862660197950987
0.00000000000000000000
0.00000000000000000000
0.22654117607816171009
0.13818653539670000541
0.00000000000000000000
0.00000000000000000000
0.18354361280032605030
0.12597283959666860653
0.00000000000000000000
0.04371438224041579446
0.51102755754768258711
0.00000000000000000000
0.00000000000000000000
0.00000000000000000000
0.65276996123267805316
0.55341005397653675324
0.00000000000000000000
0.00000000000000000000
0.59381430204669682915
0.80792413922395756032
0.64427316358511954597
0.06559833654463220753
0.19199974052235480038
0.00000000000000000000
0.31990895854304968182
0.61561201401781850961
0.41464890884917648961
0.61254907195109375984
0.38078506075813667309
0.00000000000000000000
0.20611769855307304766
0.00000000000000000000
0.00000000000000000000
0.00000000000000000000
0.35584074135676058148
0.00000000000000000000
0.40615210375103738549
0.00000000000000000000
0.96059084216160273151
0.00000000000000000000
0.58309873546617985163
0.47161839877796274401
0.00000000000000000000
0.00000000000000000000
0.00000000000000000000
0.00000000000000000000
0.61853729543208024744
0.00000000000000000000
0.10250251046498415342
0.21235159747877707659
0.00000000000000000000
0.00000000000000000000
0.00000000000000000000
0.96330455502649048327
0.26520110632535121020
0.59785889163513616928
0.57891656904430899289
0.00000000000000000000
0.21040796358622970708
0.00000000000000000000
0.00000000000000000000
0.00000000000000000000
0.17735583483118366743
0.45436325364483676204
0.00000000000000000000
0.00000000000000000000
0.00000000000000000000
0.00000000000000000000
0.07258092848238573147
0.00000000000000000000
0.00000000000000000000
0.00000000000000000000
0.72119049528669121329
0.42655597041666326596
0.00000000000000000000
0.92127386849432890692
0.86028601129552639826
0.00000000000000000000
0.00000000000000000000
0.00000000000000000000
0.55169579645232103005
0.65595935920996550905
0.70956419487929167644
0.82964572954440751751
0.61926391423645621437
0.00000000000000000000
0.42750462117954368679
0.19818048234944263264
0.65461531544784801184
0.00000000000000000000
0.00000000000000000000
0.00000000000000000000
0.05443824504243122142
0.33523794512042681681
0.98588065336732233490
0.90362277995032380673
0.86843452037704849111
0.00000000000000000000
0.00000000000000000000
0.00000000000000000000
0.00000000000000000000
0.00000000000000000000
0.59669511094535465645
0.00000000000000000000
0.00000000000000000000
0.00000000000000000000
0.00000000000000000000
0.00000000000000000000
0.00000000000000000000
0.05155291177870369168
0.05418581005846423437
0.00000000000000000000
0.00000000000000000000
0.00000000000000000000
0.00000000000000000000
0.00000000000000000000
0.73851530521107622285
0.46569236063663499436
0.52495666571192289851
0.39313061972760166007
0.00000000000000000000
0.68283877693248862251
0.92464801945008701090
0.15804318858219468247
0.01807672112159286471
0.91052867281740934580
0.06166596760119591458
0.00000000000000000000
0.00000000000000000000
0.22062538527912711750
0.82752668942675300379
0.00000000000000000000
0.00000000000000000000
0.42422180037210788228
0.00000000000000000000
0.00000000000000000000
0.74172381485892646680
0.12234745040645234049
0.00000000000000000000
0.00000000000000000000
0.00000000000000000000
0.40187507188034943262
0.00000000000000000000
0.00000000000000000000
0.00000000000000000000
0.00000000000000000000
0.20818881560498336825
0.90414038202918156628
0.00000000000000000000
0.00000000000000000000
0.29727100082546042970
0.00000000000000000000
0.00000000000000000000
0.22191902027554766264
0.37264027044765657415
0.43406097843966495731
0.13244769216163443382
0.00000000000000000000
0.00000000000000000000
0.31783827176216905563
0.65493162332797960623
0.00000000000000000000
0.00000000000000000000
0.68011231705551611348
0.57232070880584462458
0.00000000000000000000
0.93640428964812505441
0.31404452273344829472
0.00000000000000000000
0.00000000000000000000
0.71261455198405987410
0.00000000000000000000
0.68596862241903711066
0.00000000000000000000
0.16077238375356994737
0.85159369923714245409
0.00000000000000000000
0.00000000000000000000
0.75573408033500144576
0.07601850716211755454
0.10210667974413678571
0.05300508022913952288
0.29061558902757966827
0.51809093706220887832
0.00000000000000000000
0.00000000000000000000
0.00000000000000000000
0.40737179173499904472
0.09756209566144380396
0.27272413450885757413
0.00000000000000000000
0.00000000000000000000
0.42082304294259431643
0.00000000000000000000
0.00000000000000000000
0.00000000000000000000
0.73598485893382914469
0.00000000000000000000
0.00000000000000000000
0.84144424919106253213
0.00000000000000000000
0.00000000000000000000
0.00000000000000000000
0.00000000000000000000
0.00000000000000000000
0.28157638352437697193
0.00000000000000000000
0.30455578365575330935
0.65053758195160771294
0.94640027449764319023
0.00000000000000000000
0.00000000000000000000
0.00000000000000000000
0.67118987891412795754
0.00000000000000000000
0.27432945430014732402
0.00000000000000000000
0.22288711332850486002
0.00000000000000000000
0.43200783218816285469
0.00000000000000000000
0.40691130860099167244
0.00000000000000000000
0.91643429077995675058
0.00000000000000000000
0.00000000000000000000
0.00000000000000000000
0.89576908661786891486
0.00000000000000000000
0.21676631514763755604
0.73721333487760887238
0.63922178169676180381
0.23656913975093929459
0.85801733464841611898
0.97829427755358366881
0.57609855457027370207
0.13959371724147051630
0.00000000000000000000
0.00000000000000000000
0.00000000000000000000
0.00000000000000000000
0.26122862718125272607
0.54277556088882294993
0.11476609907800616739
0.00000000000000000000
0.81351075871545397433
0.00000000000000000000
0.26686424169077738178
0.03639787204395883435
0.07079679755065448887
0.00000000000000000000
0.53200911988132126851
0.00000000000000000000
0.00000000000000000000
0.44844340972995544448
0.00000000000000000000
0.50048120855376176941
0.00000000000000000000
0.00000000000000000000
0.00000000000000000000
0.57478776554334332083
0.00000000000000000000
0.00000000000000000000
0.00000000000000000000
0.00000000000000000000
0.00000000000000000000
0.00000000000000000000
0.26808580628972777937
0.00000000000000000000
0.26810979529661582710
0.00000000000000000000
0.00000000000000000000
0.00000000000000000000
0.60099266544030638393
0.50320248934589439926
0.46175692671060408756
0.41450342322443778365
0.89229804179272531606
0.00000000000000000000
0.00000000000000000000
0.00000000000000000000
0.42749324134899913119
0.98291041421839531189
0.44080294456370316958
0.00000000000000000000
0.43135382394835075637
0.00000000000000000000
0.81134807216531967811
0.78937527434405652116
0.00000000000000000000
0.00000000000000000000
0.36416303988739984199
0.00000000000000000000
0.00000000000000000000
0.00000000000000000000
0.01052354043839653919
0.00000000000000000000
0.00000000000000000000
0.00000000000000000000
0.00000000000000000000
0.83108519754888732223
0.00000000000000000000
0.18939529414726208323
0.00000000000000000000
0.93781911578859156187
0.00000000000000000000
0.82218054580603761039
0.35232253901302934551
0.00000000000000000000
0.00000000000000000000
0.80322383335010316685
0.54799066276661623220
0.97829495462509563630
0.78613424756849847874
0.00000000000000000000
0.00000000000000000000
0.21748807058552666049
0.06708888479838570618
0.00000000000000000000
0.00686334399826038499
0.67864558272000663486
0.00000000000000000000
0.00000000000000000000
0.00000000000000000000
0.00000000000000000000
0.00000000000000000000
0.57120057454854267220
0.35010842017368815071
0.10952172945696947437
0.84980992127666721281
0.00000000000000000000
0.00000000000000000000
0.00000000000000000000
0.34046261820032386325
0.30103054516996752277
0.00000000000000000000
0.00000000000000000000
0.12321109097600491111
0.47677802549525072351
0.00000000000000000000
0.67401280425210141622
0.28000185791403131574
0.00000000000000000000
0.65230775794587469996
0.06613610455120721987
0.15474049335100703573
0.94146957525120567034
0.00000000000000000000
0.00000000000000000000
0.00000000000000000000
0.29048751913499426536
0.90047495993807680215
0.00000000000000000000
0.66151390208933213977
0.00000000000000000000
0.26266170258757748357
0.00000000000000000000
0.00000000000000000000
0.00000000000000000000
0.31758195781967701876
0.88216248801078767094
0.00000000000000000000
0.00000000000000000000
0.00000000000000000000
0.00000000000000000000
0.55921942906417854147
0.00000000000000000000
0.00000000000000000000
0.00000000000000000000
0.67003237068188958858
0.00000000000000000000
0.00000000000000000000
0.00000000000000000000
0.00000000000000000000
0.00000000000000000000
0.00000000000000000000
0.00000000000000000000
0.95022065562672008987
0.00000000000000000000
0.00000000000000000000
0.99220011941725383409
0.59028202555621134273
0.00000000000000000000
0.00000000000000000000
0.25179592764554348250
0.00000000000000000000
0.69529836331275207684
0.45985615600825102689
0.00000000000000000000
0.00000000000000000000
0.00000000000000000000
0.00000000000000000000
0.07190593195702232876
0.03562699772213906435
0.00000000000000000000
0.17620599604035080965
0.00000000000000000000
0.00000000000000000000
0.31356646181715963628
0.27727694589517870583
0.00000000000000000000
0.00000000000000000000
0.63372026832481864744
0.45609525472675227498
0.00000000000000000000
0.64247134870033306697
0.47226558694255804660
0.06615079616482866243
0.59269200339573058223
0.77206009336377490193
0.36398424178547417185
0.58489212188166206374
0.36234211891998624466
0.56229264734419648342
0.00000000000000000000
0.00000000000000000000
0.00000000000000000000
0.71282714498826638128
0.00000000000000000000
0.00000000000000000000
0.00000000000000000000
0.00000000000000000000
0.48754146298744793775
0.09280156115666104988
0.88705931226120293687
0.00000000000000000000
0.00000000000000000000
0.00000000000000000000
0.00000000000000000000
0.58257401808284869915
0.75918268401137667389
0.47240545669216915670
0.65145716893088878585
0.39290295140487274672
0.00000000000000000000
0.00000000000000000000
0.03537429917388323908
0.00000000000000000000
0.70775469192664819396
0.00000000000000000000
0.00000000000000000000
0.07173893278079979119
0.00000000000000000000
0.53516850878259569768
0.00000000000000000000
0.00000000000000000000
0.00000000000000000000
0.00000000000000000000
0.94331435018373399615
0.00000000000000000000
0.76935063384908741746
0.96420997938337271727
0.07473306966700277165
0.25689209590521278059
0.05701153960871119253
0.00000000000000000000
0.38720787008628620995
0.32601909587440047744
0.44369811911308110197
0.00000000000000000000
0.00000000000000000000
0.20288080219313542329
0.82595775640847057808
0.00000000000000000000
0.00000000000000000000
0.00000000000000000000
0.20165417771863469731
0.63115805277189140909
0.15522476339490376418
0.00000000000000000000
0.00000000000000000000
0.32805115325751299515
0.98114780242608290450
0.00000000000000000000
0.00000000000000000000
0.00000000000000000000
0.00000000000000000000
0.01252621459426639383
0.47096400497060453283
0.00000000000000000000
0.23582696972220529297
0.24031463881969195029
0.00000000000000000000
0.00000000000000000000
0.00000000000000000000
0.66720585043877633780
0.27235241945476840186
0.88441460387986836622
0.00000000000000000000
0.00000000000000000000
0.00000000000000000000
0.90181805933910341722
0.91893134076098514917
0.00000000000000000000
0.00000000000000000000
0.00000000000000000000
0.00000000000000000000
0.66352251901455350236
0.00000000000000000000
0.97360788936429099039
0.00000000000000000000
0.00000000000000000000
0.30165904262180398554
0.00000000000000000000
0.00000000000000000000
0.00000000000000000000
0.16925856991170840082
0.57995026166548502289
0.17740491832485649759
0.00000000000000000000
0.00000000000000000000
0.00000000000000000000
0.88053721370200488394
0.00000000000000000000
0.00000000000000000000
0.00000000000000000000
0.00000000000000000000
0.99614434502839310781
0.00000000000000000000
0.49655969883155059996
0.00000000000000000000
0.00000000000000000000
0.39837775817065401718
0.00000000000000000000
0.00000000000000000000
0.86024609946657260018
0.14584131685357593078
0.38243323815168506208
0.52376861754980330588
0.29171446305313830649
0.35604112751597583042
0.00000000000000000000
0.69681196366288333799
0.00000000000000000000
0.00000000000000000000
0.00000000000000000000
0.00000000000000000000
0.82003776441329989666
0.00000000000000000000
0.99998379033058126808
0.00000000000000000000
0.00000000000000000000
0.00000000000000000000
0.00000000000000000000
0.21610599906002447845
0.13700760208862261536
0.00000000000000000000
0.71944075250972105984
0.13315194711701572317
0.00000000000000000000
0.21600045134127165980
0.84534682978193598224
0.48082550218367270389
0.00000000000000000000
0.00000000000000000000
0.00000000000000000000
0.00000000000000000000
0.62231437006141732127
0.42730885251765560184
0.99839292466565643380
0.00000000000000000000
0.00000000000000000000
0.00000000000000000000
0.00000000000000000000
0.44105014830876609899
0.00000000000000000000
0.18493303711755815222
0.00000000000000000000
0.00000000000000000000
0.33897554005448493619
0.00000000000000000000
0.02617022442918748304
0.71895263517226681849
0.00000000000000000000
0.36696777556416004806
0.00000000000000000000
0.81383608924869266232
0.00000000000000000000
0.00000000000000000000
0.00000000000000000000
0.06620932140676738520
0.87049983715196121992
0.00000000000000000000
0.00000000000000000000
0.00000000000000000000
0.26880791749284038694
0.00000000000000000000
0.00000000000000000000
0.00000000000000000000
0.00000000000000000000
0.00000000000000000000
0.80515111880616796469
0.00000000000000000000
0.05298820559540207142
0.00000000000000000000
0.00000000000000000000
0.79886032817832219877
0.60092495176984228600
0.00000000000000000000
0.00000000000000000000
0.00000000000000000000
0.00000000000000000000
0.39094043867240690915
0.00000000000000000000
0.44768973134816136827
0.00000000000000000000
0.59391175936624018838
0.26152581966553145598
0.00000000000000000000
0.00000000000000000000
0.00000000000000000000
0.90962680890673164313
0.00000000000000000000
0.00084871845359391074
0.00000000000000000000
0.00000000000000000000
0.00000000000000000000
0.04857206859093721185
0.56329137904722781371
0.16077892163804685666
0.06779135720235829332
0.00000000000000000000
0.00000000000000000000
0.87036062491608823244
0.57417486029405839787
0.38192195416517638051
0.00000000000000000000
0.37303518847238037459
0.00000000000000000000
0.00000000000000000000
0.73780540271559980070
0.92274739589670096152
0.39208971866969477560
0.12874584045668413523
0.00000000000000000000
0.00000000000000000000
0.88665405469325087040
0.00000000000000000000
0.00000000000000000000
0.00000000000000000000
0.00000000000000000000
0.00000000000000000000
0.00000000000000000000
0.00000000000000000000
0.31066784044293127565
0.09635998173447335446
0.14662343410152178791
0.58032447638936557333
0.00000000000000000000
0.00000000000000000000
0.00000000000000000000
0.21272340659644606298
0.23110146784740570602
0.70703343754030467672
0.08308403058121172080
0.00000000000000000000
0.08895539170548105723
0.19706406965715062007
0.00000000000000000000
0.00000000000000000000
0.81829254320743149975
0.91611691746679912995
0.99454969260587811064
0.21038226094580370074
0.04486275792348326519
0.00000000000000000000
0.00000000000000000000
0.00000000000000000000
0.00000000000000000000
0.00000000000000000000
0.66158835387862668931
0.17558591774459264556
0.00000000000000000000
0.00000000000000000000
0.71842032471598149534
0.77195394028534836117
0.39764668485040166601
0.00000000000000000000
0.35227841574339113784
0.54257873424448943567
0.57495857010360751360
0.00000000000000000000
0.00000000000000000000
0.00000000000000000000
0.80041525037978544788
0.83838617049082464483
0.61133636516115452686
0.00000000000000000000
0.03545023921665291233
0.78964787991235407816
0.00000000000000000000
0.00000000000000000000
0.70576479737915320811
0.00000000000000000000
0.00000000000000000000
0.00000000000000000000
0.53187284131155943001
0.00000000000000000000
0.68214436605672545966
0.00000000000000000000
0.00000000000000000000
0.34373271900402979639
0.45912125122692493129
0.00000000000000000000
0.64501942211995810794
0.17754157501158385202
0.00000000000000000000
0.04266610603903697729
0.00000000000000000000
0.85127218340117116746
0.00000000000000000000
0.61754390207004905555
0.94465399624065216067
0.34054697926181698442
0.00000000000000000000
0.74506924568911503393
0.17893314882131905463
0.00000000000000000000
0.00000000000000000000
0.00000000000000000000
0.82458818323192573096
0.59561282284353533889
0.06812616953073358239
0.53035297967975636446
0.00000000000000000000
0.13225121196929889855
0.00000000000000000000
0.00000000000000000000
0.24653796350887891009
0.96312490010779572280
0.00000000000000000000
0.51229169290153864225
0.30685761818050294458
0.82586487653938345233
0.00000000000000000000
0.00000000000000000000
0.00340645061964472973
0.00000000000000000000
0.99454314633949802982
0.04599178258608649372
0.00000000000000000000
0.00000000000000000000
0.00000000000000000000
0.00000000000000000000
0.92033496495351885258
0.08713962374587524984
0.00000000000000000000
0.09926811377483790721
0.12207992706544690265
0.00000000000000000000
0.31365150088148729957
0.00000000000000000000
0.00000000000000000000
0.00000000000000000000
0.00000000000000000000
0.06070887160520488379
0.51402888145019720589
0.00000000000000000000
0.14391716436665369372
0.00000000000000000000
0.00000000000000000000
0.51066078967911221476
0.00000000000000000000
0.00000000000000000000
0.33652566621849566708
0.00000000000000000000
0.00000000000000000000
0.00000000000000000000
0.25051534792898011439
0.00000000000000000000
0.38592389942422689053
0.84011282019322397474
0.55419231092286880269
0.00000000000000000000
0.00000000000000000000
0.47452727587638765527
0.13659920689491511503
0.00000000000000000000
0.00000000000000000000
0.00000000000000000000
0.56744559740994393593
0.88744688960139028744
0.20534724239508950205
0.00000000000000000000
0.00000000000000000000
0.68236833144089592551
0.13752788917046410155
0.78325344053248580067
0.00000000000000000000
0.00000000000000000000
0.00000000000000000000
0.16149647494847729767
0.79210584228490743541
0.00000000000000000000
0.18948061447100750243
0.12863150757208074992
0.32886888055543828102
0.00000000000000000000
0.46856362441022114673
0.00000000000000000000
0.14374611952516525015
0.00000000000000000000
0.00000000000000000000
0.00000000000000000000
0.00000000000000000000
0.00000000000000000000
0.00000000000000000000
0.00000000000000000000
0.44754633281731348582
0.00000000000000000000
0.00000000000000000000
0.01499192929593462509
0.00000000000000000000
0.50457268743988725745
0.09181094686119406489
0.00000000000000000000
0.18694101888078318296
0.00000000000000000000
0.00000000000000000000
0.62731097248723299842
0.00000000000000000000
0.23000626695808312761
0.00000000000000000000
0.00000000000000000000
0.00000000000000000000
0.97828806190671779852
0.43152123756311899783
0.37555396900305249019
0.00000000000000000000
0.00000000000000000000
0.95493819748747088560
0.29137597386323665916
0.75457238394514303259
0.00000000000000000000
0.98931440431127071200
0.00000000000000000000
0.16829657795294039602
0.00000000000000000000
0.00000000000000000000
0.00000000000000000000
0.00000000000000000000
0.00000000000000000000
0.63083484006618850692
0.54174918473779642980
0.00000000000000000000
0.00000000000000000000
0.00000000000000000000
0.68980495151588927527
0.00000000000000000000
0.13086770713835371716
0.31711592307179969907
0.46276850880252595744
0.00000000000000000000
0.00000000000000000000
0.76565823786224163072
0.00000000000000000000
